# ms [GeV], yDM
1.000000000000000056e-01 2.452733306041211328e-09
2.131459518689799282e+01 2.481170916153912887e-09
4.000000000000000000e+01 2.505632097232522926e-09
7.197377639358435886e+01 2.551188055765621704e-09
1.200000000000000000e+02 2.800330941789987450e-09
1.393396941836861060e+02 3.000000000000001221e-09
1.845625489454207013e+02 3.171249780061713501e-09
2.000000000000000000e+02 3.567360774035871585e-09
2.204208194432782761e+02 3.716790642422563758e-09
2.231755721257449352e+02 4.000000000000001076e-09
2.645542841669555401e+02 4.325717820285526242e-09
2.761569804065467224e+02 6.000000000000003269e-09
2.800000000000000000e+02 6.201067738220921274e-09
2.935584273536620685e+02 6.582507275490441805e-09
2.991924151455817764e+02 8.000000000000003807e-09
3.000000000000000000e+02 8.114904942172928042e-09
3.127318121541159144e+02 1.000000000000000021e-08
3.178862781638149499e+02 1.043783427107085760e-08
3.200000000000000000e+02 1.145439934929173845e-08
3.320347990917397283e+02 1.500000000000000528e-08
3.358792430355656506e+02 1.591597936838041072e-08
3.387097930195938034e+02 2.000000000000000373e-08
3.394165258977769781e+02 2.023798315679452381e-08
3.400000000000000000e+02 2.103293254328720233e-08
3.478313519987257223e+02 2.974466450844379675e-08
3.480000000000000000e+02 2.993466563939652377e-08
3.480424719354198828e+02 2.995697865707201918e-08
3.480492310495325228e+02 3.000000000000001055e-08
3.534972776279050777e+02 3.506103625630417297e-08
3.543542624099908949e+02 4.000000000000000745e-08
3.559693272084987825e+02 4.583604937208877562e-08
3.589439966969869147e+02 6.000000000000003434e-08
3.595124217070588770e+02 7.907032714816794072e-08
3.593733569722783159e+02 8.000000000000002814e-08
3.584172193079008935e+02 9.709966357904784058e-08
3.579238356741437315e+02 9.999999999999999547e-08
3.480000000000000000e+02 1.386505106656510701e-07
3.470251725882197888e+02 1.427690059754869142e-07
3.400000000000000000e+02 1.447858365819518135e-07
3.226679450802881206e+02 1.421023200817913876e-07
3.200000000000000000e+02 1.442920537971033060e-07
3.179491700756980208e+02 1.438913204086865652e-07
2.863783735308511496e+02 1.318051767266745264e-07
2.800000000000000000e+02 1.250860731693485803e-07
2.173560715771440641e+02 9.999999999999999547e-08
2.063226186186223572e+02 9.825189531842026667e-08
2.000000000000000000e+02 9.483550873775860811e-08
1.378357888264495443e+02 8.000000000000002814e-08
1.245295624935587000e+02 7.870748119841567036e-08
1.200000000000000000e+02 7.737481954972857315e-08
5.768059184454560295e+01 7.507193358703725015e-08
4.000000000000000000e+01 7.281582104297411817e-08
2.792993897171013273e+01 7.333225589381845114e-08
1.000000000000000056e-01 7.343277171034297525e-08
