# mF [GeV], yDM
2.826758474576271283e+02 1.000000000000000021e-03
2.826758474576271283e+02 7.151313024703390663e-04
2.826758474576271283e+02 1.778279000000000123e-04
2.826758474576271283e+02 8.228037602711864090e-05
2.826758474576271283e+02 3.162277999999999677e-05
2.826587666263603182e+02 1.464063481427811176e-05
2.826587666263603182e+02 5.623412999999999958e-06
2.813558052434456727e+02 3.899416751760299083e-06
2.803575986078886331e+02 9.999999999999999547e-07
2.798776084407971894e+02 8.238652053861665045e-07
2.787819548872180349e+02 5.623412999999999958e-07
2.737938557993730342e+02 4.452215174144200375e-07
2.693331138907175841e+02 3.162277999999999804e-07
2.649493414387031294e+02 2.748480527963525611e-07
2.500000000000000000e+02 2.329469507602131342e-07
2.403815558343789007e+02 1.778279000000000038e-07
2.000000000000000000e+02 1.141485267442282670e-07
1.946672993492407784e+02 1.083006578595444557e-07
1.786880715705765397e+02 9.999999999999999547e-08
1.642202671118530759e+02 8.950422846064106596e-08
1.500000000000000000e+02 8.711034496909090546e-08
1.265861495844875293e+02 8.271857885052631517e-08
1.000000000000000000e+02 7.488303494628571419e-08
8.651228070175437779e+01 7.305081869333332486e-08
5.000000000000000000e+01 7.120129103331688977e-08
7.204761904761902258e+00 6.841345957238094177e-08
0.000000000000000000e+00 6.748744267467422565e-08
