# ms [GeV], yDM
1.000000000000000056e-01 3.716771001860928000e-08
4.757961497684448204e+01 3.768371355628998626e-08
6.000000000000000000e+01 3.795352765371365985e-08
7.544697159599516567e+01 3.854581937984487603e-08
1.477919541702797801e+02 4.000000000000000745e-08
1.800000000000000000e+02 4.124134653286839696e-08
1.940696831441208872e+02 4.194751388635343403e-08
3.000000000000000000e+02 5.102015087544051102e-08
3.270825626796257666e+02 5.475320708353457171e-08
3.702862730706163461e+02 6.000000000000003434e-08
4.200000000000000000e+02 6.841178703788767687e-08
4.321627097316438721e+02 7.119293006156891100e-08
4.500000000000000000e+02 7.454934186298466303e-08
4.565762506184767631e+02 7.511079732791025834e-08
4.800000000000000000e+02 7.909836998862239217e-08
4.992945829765590702e+02 8.000000000000002814e-08
5.100000000000000000e+02 8.087472953962105075e-08
5.110859905313112108e+02 8.000000000000002814e-08
5.220000000000000000e+02 6.596564336686305734e-08
5.246828233471190970e+02 6.262861924239414018e-08
5.247318441905312056e+02 6.000000000000003434e-08
5.242296691762497858e+02 5.706091563733575328e-08
5.251021612358429138e+02 4.000000000000000745e-08
5.245700012851931433e+02 3.839030011690487150e-08
5.220000000000000000e+02 3.392475749996584885e-08
5.197874860881862560e+02 3.000000000000001055e-08
5.100000000000000000e+02 2.239638234473931275e-08
5.058998133690135433e+02 2.000000000000000373e-08
4.993219917745799421e+02 1.661732654799656512e-08
4.917584593547904319e+02 1.500000000000000528e-08
4.800000000000000000e+02 1.258838312542277209e-08
4.723882123035419340e+02 1.108355232666512632e-08
4.562310715704737731e+02 1.000000000000000021e-08
4.500000000000000000e+02 9.428444219643843268e-09
4.290952063886395536e+02 8.000000000000003807e-09
4.251052590721474189e+02 7.617781289959422541e-09
4.200000000000000000e+02 7.475774102191463853e-09
3.962820049207125521e+02 6.351047875483246409e-09
3.730083390669001346e+02 6.000000000000003269e-09
3.557854213745270044e+02 4.969242695384108149e-09
3.000000000000000000e+02 4.614899013604594401e-09
1.948261676254398935e+02 4.000000000000001076e-09
1.881746077326193927e+02 3.922373519895079518e-09
1.800000000000000000e+02 3.892752614734369134e-09
1.657064213121205398e+02 3.865254942196757355e-09
6.000000000000000000e+01 3.581786187133784105e-09
2.482514000370998275e+01 3.552127749050453652e-09
1.000000000000000056e-01 3.555782647164545541e-09
