# ms [GeV], yDM
1.000000000000000056e-01 9.226346771314909024e-09
2.376820199557538871e+01 9.360370608699635306e-09
8.000000000000000000e+01 9.144381728033935063e-09
1.575723732137214483e+02 8.974605699686256354e-09
2.400000000000000000e+02 8.687026955080374367e-09
2.954096835113639372e+02 9.256334549154055858e-09
4.000000000000000000e+02 9.339214210043341359e-09
4.272538556790765369e+02 1.000000000000000021e-08
4.538815749927612160e+02 1.308551423340879378e-08
5.600000000000000000e+02 1.420782668812344987e-08
5.633253541127071458e+02 1.450280856027019036e-08
5.707565772092092402e+02 1.500000000000000528e-08
5.798944818999818835e+02 1.733365745335418337e-08
6.000000000000000000e+02 1.926452398611331960e-08
6.037119581697277226e+02 2.000000000000000373e-08
6.000000000000000000e+02 2.156008024282813475e-08
5.840158200915818725e+02 2.551258094265528746e-08
5.600000000000000000e+02 2.477092604969923483e-08
5.264962031294993494e+02 2.177224846038700816e-08
4.367280447454737669e+02 2.000000000000000373e-08
4.000000000000000000e+02 1.890319705120803909e-08
3.415721160837468915e+02 1.666156038954299055e-08
2.589618497878736889e+02 1.500000000000000528e-08
2.400000000000000000e+02 1.373638876982752794e-08
1.864384181304713479e+02 1.309612974780313182e-08
8.000000000000000000e+01 1.096502866821896661e-08
1.257252630717725594e+01 1.065339784853823432e-08
1.000000000000000056e-01 1.067439120418573651e-08
