# mF [GeV], yDM
1.000000000000000056e-01 1.505460658648648448e-07
2.362949941792782393e-01 1.117861701972060524e-07
3.652470046082949562e-01 9.999999999999999547e-08
1.000000000000000000e+00 7.493102913027027625e-08
5.198373831775700893e+00 8.278467539457944134e-08
7.371999999999998998e+00 9.999999999999999547e-08
8.652149882903982459e+00 1.116555937920374637e-07
1.000000000000000000e+01 1.485404300582524179e-07
3.614095238095238471e+01 1.508623856952381165e-07
5.000000000000000000e+01 1.518781969917061496e-07
6.547192796610168841e+01 1.537449467489406761e-07
1.000000000000000000e+02 1.566274776348683994e-07
1.120973540145985510e+02 1.589976668297445133e-07
1.500000000000000000e+02 1.662433164722986329e-07
1.905200000000000955e+02 1.778279000000000038e-07
2.000000000000000000e+02 1.977261808607140887e-07
2.219743016759776424e+02 2.554029769094971997e-07
2.500000000000000000e+02 3.020528589815125295e-07
2.542503401360544331e+02 3.162277999999999804e-07
2.547666666666666799e+02 3.396906203333333709e-07
2.594478873239436325e+02 5.623412999999999958e-07
2.608793388429751872e+02 6.575700458975203816e-07
2.679024305555555543e+02 9.999999999999999547e-07
2.779790404040404042e+02 3.036239817368687349e-06
2.891849624060150177e+02 5.623412999999999958e-06
2.891849624060150177e+02 2.599909736950374565e-05
2.891849624060150177e+02 3.162277999999999677e-05
2.891849624060150177e+02 1.462036226153382967e-04
2.891849624060150177e+02 1.778279000000000123e-04
2.891849624060150177e+02 3.556643434045116429e-04
2.891849624060150177e+02 1.000000000000000021e-03
