# mF [GeV], yDM
1.000000000000000000e+02 2.695231157352138823e-09
1.358747618010901306e+02 2.675313217106775553e-09
1.500000000000000000e+02 2.609899710178943159e-09
1.762097085665636484e+02 2.425577989850576185e-09
2.000000000000000000e+02 2.146273528108829871e-09
2.109239237930425475e+02 2.185255115492048608e-09
2.500000000000000000e+02 2.208748832853564878e-09
2.613357207244730489e+02 2.192564723284295869e-09
3.000000000000000000e+02 2.204456202303675759e-09
3.365580483888981576e+02 2.230335511680841374e-09
3.500000000000000000e+02 2.305489773076918397e-09
3.717835281496875837e+02 2.386424910006441534e-09
4.000000000000000000e+02 2.420977930986957714e-09
4.318657274746336157e+02 2.589736137915480830e-09
4.500000000000000000e+02 2.612120663372859053e-09
4.661905797269527625e+02 2.630878933172790937e-09
4.953112143580597717e+02 3.000000000000001221e-09
5.000000000000000000e+02 3.024580793738771910e-09
5.024427565068299941e+02 3.042461932101377457e-09
5.500000000000000000e+02 3.212936541346322644e-09
5.811838456111826190e+02 3.343017005994921361e-09
6.000000000000000000e+02 3.608021750828620998e-09
6.151586505992404454e+02 3.665911178673327712e-09
6.429082752425938452e+02 4.000000000000001076e-09
6.500000000000000000e+02 4.059615179332343363e-09
6.890522880810323159e+02 4.371353406025382161e-09
7.000000000000000000e+02 4.663726703124867668e-09
7.438843755330562999e+02 5.709697371438385515e-09
7.500000000000000000e+02 5.811325846402772204e-09
7.531176795013054743e+02 5.850208280458685706e-09
7.567660526444243487e+02 6.000000000000003269e-09
7.786798959313823616e+02 6.783055768231075418e-09
7.938173051510433424e+02 8.000000000000003807e-09
7.992302288187806880e+02 9.965705046974265120e-09
7.994294922912072252e+02 1.000000000000000021e-08
7.990181132658157139e+02 1.007994200556565958e-08
7.814896202035774877e+02 1.500000000000000528e-08
7.705563650544031589e+02 1.688328628113845560e-08
7.500000000000000000e+02 1.878824696656285680e-08
7.428551422583465182e+02 2.000000000000000373e-08
7.211116797514001746e+02 2.373458492133630877e-08
7.000000000000000000e+02 2.514451230861818259e-08
6.890678732096401973e+02 2.745492206945584964e-08
6.537674124676140082e+02 3.000000000000001055e-08
6.500000000000000000e+02 3.040706064488173315e-08
6.437258834382796522e+02 3.110275494703192156e-08
6.000000000000000000e+02 3.781762464157756943e-08
5.954437782321806480e+02 3.896503040845716235e-08
5.828537849063076237e+02 4.000000000000000745e-08
5.500000000000000000e+02 4.565214827919318165e-08
5.327178117123208949e+02 5.215385371068105870e-08
5.000000000000000000e+02 5.379120550821544473e-08
4.503757311644941410e+02 5.981746317586668233e-08
4.500000000000000000e+02 5.992476949409142893e-08
4.499221312551508731e+02 5.996212428892095739e-08
4.495335143249987482e+02 6.000000000000003434e-08
4.000000000000000000e+02 7.307875129830921363e-08
3.930598769069989089e+02 7.686846041874539997e-08
3.550944718113644285e+02 8.000000000000002814e-08
3.500000000000000000e+02 8.127129913677922407e-08
3.409591010410509853e+02 8.329387363662311458e-08
3.000000000000000000e+02 9.700953468912376811e-08
2.979893132308399686e+02 9.910667053916963360e-08
2.893136789647829801e+02 9.999999999999999547e-08
2.500000000000000000e+02 1.239405816920861896e-07
2.209405169688831734e+02 1.265733920909902880e-07
2.000000000000000000e+02 1.431222849401754700e-07
1.982720969000907871e+02 1.479128436072715583e-07
1.749434692436348939e+02 1.500000000000000462e-07
1.500000000000000000e+02 1.692983681470672302e-07
1.459951512793900861e+02 1.954441973150056102e-07
1.061991932743634095e+02 2.000000000000000174e-07
