# mF [GeV], yDM
1.000000000000000000e+02 3.111499553931034107e-07
1.120200455580865651e+02 1.778279000000000038e-07
1.384175246440306637e+02 1.479283473375684517e-07
1.443208972174900566e+02 9.999999999999999547e-08
2.000000000000000000e+02 7.114469416472143304e-08
2.151764806866952711e+02 6.869649940911587336e-08
3.000000000000000000e+02 6.367359160586860205e-08
3.026175313059034124e+02 6.406171082046511205e-08
4.000000000000000000e+02 6.748744267467422565e-08
4.206526315789473642e+02 6.951318831999999698e-08
4.250000000000000000e+02 7.116372703513725947e-08
4.434349152542372963e+02 7.278691640122033132e-08
4.500000000000000000e+02 7.454140214492753051e-08
4.662305295950155823e+02 7.604096614330218034e-08
4.750000000000000000e+02 7.909621779932049655e-08
4.877206455542021786e+02 8.187357552426309115e-08
5.000000000000000000e+02 8.293082886166666038e-08
5.102393111638954792e+02 8.488502784774346307e-08
5.250000000000000000e+02 9.330379535294116939e-08
5.293057784911717363e+02 9.364393552006420437e-08
5.500000000000000000e+02 9.850828390818491962e-08
5.551084745762711918e+02 9.999999999999999547e-08
5.717064935064935298e+02 1.102530677610389790e-07
5.750000000000000000e+02 1.150250609582417742e-07
5.854941176470588289e+02 1.326694055529412237e-07
6.000000000000000000e+02 1.510007949710073733e-07
6.199028571428571013e+02 1.778279000000000038e-07
6.250000000000000000e+02 2.706441733617022759e-07
6.270616438356164508e+02 3.048145479726027408e-07
6.275350877192981898e+02 3.162277999999999804e-07
6.296612903225806122e+02 5.164530409677417715e-07
6.300547337278106852e+02 5.623412999999999958e-07
6.313895348837208985e+02 6.741987212325584622e-07
6.356847222222222626e+02 9.999999999999999547e-07
6.447944444444444798e+02 4.660715670888887807e-06
6.473336734693878043e+02 5.623412999999999958e-06
6.473336734693878043e+02 8.396325080448981571e-06
6.473336734693878043e+02 3.162277999999999677e-05
6.473336734693878043e+02 4.721600361469390178e-05
6.473336734693878043e+02 1.778279000000000123e-04
6.473336734693878043e+02 9.123128286816326211e-04
6.473336734693878043e+02 1.000000000000000021e-03
